Optics HW 1 CH 22

18, 34, 35, 51, 52, 58, 61, 65, 69


X
[0.0055  0.00552 0.00553 0.00554 0.00555 0.00556 0.00557 0.00558 0.00559
 0.0056  0.00561 0.00562 0.00563 0.00564 0.00565 0.00566 0.00567 0.00568
 0.00569 0.0057  0.00571 0.00572 0.00573 0.00574 0.00575 0.00576 0.00577
 0.00578 0.00579 0.0058  0.00581 0.00582 0.00583 0.00584 0.00585 0.00586
 0.00587 0.00588 0.00589 0.0059  0.00591 0.00592 0.00593 0.00594 0.00595
 0.00596 0.00597 0.00598 0.00599 0.006  ] 
 
 Y
 [ 10.9  11.5  11.8  12.4  13.5  13.9  14.9  15.9  16.9  18.2  20.   20.9
  22.9  24.   26.6  28.4  30.1  31.9  34.7  37.   42.   44.8  49.   51.3
  55.4  62.7  67.1  70.5  77.8  83.6  89.3  98.1 100.6 100.6 100.6 100.6
 100.6 100.6 100.6 100.6 100.6 100.6 100.6 100.6 100.6 100.6 100.6 100.6
 100.6 100.6]

Derivative
[ 30000.00000003  30000.00000001  45000.          85000.
  75000.          70000.         100000.         100000.
 115000.         155000.00000001 135000.         145000.
 155000.         185000.00000001 220000.         175000.
 174999.99999991 229999.99999993 255000.         364999.99999999
 389999.99999999 349999.99999999 324999.99999999 319999.99999999
 570000.00000001 585000.00000001 389999.99999999 535000.00000002
 655000.         575000.         724999.99999998 564999.99999997
 125000.00000001      0.              0.              0.
      0.              0.              0.              0.
      0.              0.              0.              0.
      0.              0.              0.              0.
      0.              0.        ]